5		3
5		4
5		6
5		7
5		10
5		11
5		12
5		13
5		14
5		15
5		16
5		17
5		18
5		19
5		20
10	23
10	24
10	25
10	29
10		37
10	47
10	48
10	68
10	69
10	70
10	71
10	72
10	73
10	74
10	76
10	77
10	89
20	56
25		7
26		27
26		30
26		32
26		33
26		34
26		35
36	23
36	24
36	29
36		37
36	48
36	60
36	62
36	69
36	70
36	71
36	72
36	73
36	74
36	75
36	76
36	77
36	89
37		23
37		24
37		25
37		29
37		60
37		62
37		69
37		70
37		71
37		72
37		73
37		74
37		75
37	76
37	77
37	89
40		41
43	20
43		44
43		45
43	59
43	61
43	63
43	64
43	75
43	78
43	79
43	80
43	94
44	20
44	24
44	40
44	59
44	61
44		63
44		64
44	75
44	78
44	79
44	80
44	94
46	1
46		18
46		22
46	23
46		24
46	25
46	29
46		37
46		47
46		48
46		49
46		52
46		53
46		55
46		56
46		57
46		58
46	62
46	68
46	69
46	70
46	71
46	72
46	73
46	74
46	76
46	77
46	81
46	89
53	83
54	43
54		81
54		82
55		54
55	65
57		56
62		50
63		20
63	24
63		59
63		61
63		75
63		78
63		79
63		80
64		94
65		66
67		68
68	93
69		67
69		68
69	93
70	90
71	95
83	4
83	9
83	12
83	17
83		19
83	25
83	38
83	39
83		49
83	58
83		85
83	87
83	88
85		12
85		13
85		17
85		25
85		38
85		39
85		58
85		84
85		87
85		88
87	35
90		70
91		92
92		28
93		94
93		95
96		21
96	36
96		97
98		99

tp93
fp92