1		3
1		4
1		6
1		7
1		8
1	17
1	89
4		83
6	18
6	19
6	24
6	26
6	28
6		29
6		30
6	32
6		33
6	36
6	37
6		40
6	53
6	54
6	68
6	83
6		88
6		89
9	6
9		11
9		14
9	18
9	38
9	40
9	48
9	89
9	90
9	91
11	1
11	18
11	38
11	40
11		48
11	62
11	89
11	90
11	91
12	24
12		26
12	64
18		1
18	4
18	6
18		20
18	89
21	2
21	11
21		18
21	38
21	40
21		48
21		58
21		59
21		71
21	90
21	91
21	98
22		5
22		23
22	80
23		80
23		81
23		82
24		25
26		24
26		28
29	19
29	26
29	28
29		30
29		32
29	33
29	36
29	37
29	53
29	54
29	68
29	87
29	100
32		26
32	67
37		72
38	6
39		46
40	6
40		63
41	4
41	18
41		39
41		40
41	46
41		60
41		61
41	62
41		77
41	89
42		49
42	54
43	89
46	18
47	89
48		49
48	68
48	84
49		9
49	13
49	46
49		50
49		51
52	74
53		10
53		12
53	26
53	28
53		33
53	36
53	37
53		50
53		66
53		67
53		68
54		30
54		35
54		50
54		78
54		81
54		85
54		86
54		87
54		88
54		89
54	94
54		99
54		100
55	36
58	41
59	54
62	41
63	89
65		16
65		17
65	45
65		57
69		7
69		70
70		84
71	18
73	89
74		76
79	24
79		26
79	69
82	53
85	36
86	36
88	92
92	18
92		21
92	39
92	46
92		49
92	50
96	18
96	39
96	46
96	51
97	15
97		43
97		44

tp78
fp99