1		2
1		3
1		4
1		5
1		7
1		8
1		10
1		13
1		17
1		19
1		20
1	21
1	22
1	41
1	50
1	53
2	59
5		1
5	2
5		4
5		7
5	8
5	10
5	14
5	20
5		35
5		44
5		54
5		55
5		56
5		58
6	12
7	60
7	72
7	73
8	34
10	78
13	23
19	44
22	79
23		24
23	55
25	20
28		29
28	39
28	66
28	67
28	68
28	71
28	72
28	73
28	74
28	76
29		33
29	37
29	39
29		40
29		44
29		46
29		66
29		67
29		68
29		70
29		71
29		72
29		73
29		74
29		76
30		31
31	1
32		33
33	99
34	6
34	16
34	31
34		35
34		36
34		37
34		38
34	62
34	70
36		6
36	16
36	31
36	60
36		62
36	70
36	85
38	6
38	16
38	31
38		36
38		37
38	62
38	70
38	74
45		49
45		61
50		12
50		14
50		15
50		42
50		53
50		54
52	4
52	60
55	4
56	96
59	45
62		16
62		31
62		60
62		70
62		74
62		85
63		27
63	84
63		93
63		97
64	52
64		66
66		64
66		65
68	69
70	78
72		67
77	44
78	86
79		9
79		45
79		75
79		80
79		82
79		83
79		85
79		86
79		89
80		9
80		45
80		47
80		61
80		89
80		92
87	89
87	99
90	49
90		91
93	90
94		18
94	27
94	54
94		95
95		27
96		26
96		27
96		63
96		93
98		46
99		58
99		59
100		7



tp93
fp68