1		2
1		3
1		4
1		6
2	87
3	22
4		82
5	87
8		1
8	2
8	3
8	4
8	6
8		20
8		24
8		80
9		10
9		11
9		12
10	85
10	87
13		8
13		14
13		24
13		26
13	38
13	63
13	80
13	87
13	89
14	56
15	38
15	63
15	87
15	89
16	85
17	5
17		7
17		27
17	33
17		37
17		44
17	56
17		64
17	87
17	93
17	94
17	95
17	96
18	87
18	98
21	51
22	5
22	7
22		17
22	26
22	27
22	28
22	33
22	34
22	37
22	38
22	44
22		54
22	56
22	63
22	64
22		85
22		87
22	89
22	93
22	94
22	95
22	96
24	87
25	36
25	56
26	6
26		48
26		59
26	63
26		75
26		78
26	89
27		28
27		33
27	56
28	56
29		56
29		59
35		25
35	52
35	87
36		38
36	54
36	63
36	80
36	87
36	89
39		40
42	60
43	63
43	87
43	89
46	23
46	24
48	56
49	52
49	87
52	38
52	63
52	87
52	89
57	55
58	22
59	24
59	87
63	89
64		5
64	7
64		17
64		26
64	27
64	33
64		37
64	38
64	55
64	56
64	63
64	87
64	89
64		93
64		94
64		95
64		96
65	1
65		2
65	3
65	5
65	7
65	14
65	15
65	17
65	20
65	24
65	26
65	27
65	33
65	37
65	38
65	44
65	47
65	50
65	56
65	59
65	63
65	64
65		68
65		69
65		71
65	72
65	74
65	76
65	77
65	78
65	80
65	81
65	82
65	87
65	89
65	93
65	94
65	95
65	96
65	99
65	100
67	56
68	63
68	87
68	89
69	23
70	56
71	1
71	2
71	3
71	5
71	7
71	14
71	15
71	17
71	20
71		26
71	27
71	33
71	37
71	38
71	44
71	47
71	48
71	56
71	59
71	63
71	64
71	66
71	68
71	69
71	72
71		74
71	76
71	78
71	80
71		81
71		82
71	87
71	89
71	93
71	94
71	95
71	96
71		99
71		100
72	2
72	3
72	5
72	7
72	15
72	17
72		23
72		24
72		26
72	27
72	28
72	33
72	37
72	38
72	44
72	47
72	50
72	56
72	59
72	63
72	64
72		65
72	68
72	69
72	71
72	74
72	76
72	77
72	78
72	80
72	81
72	82
72	87
72	89
72	93
72	94
72	95
72	96
72	99
72	100
74	19
74	22
74	24
74	36
74	51
74	52
74		72
74	85
74	86
74	88
76	56
76	96
78	79
79		21
79		90
82	87
83	25
83		39
83	40
85	60
88	87
91		43
92		31
92	87
93	63
93	87
93	89
94	56
96	56