1		4
1		7
1		8
1		9
1	29
3		1
3		29
4	45
7	21
7	97
8	22
10	1
10		3
10	4
10	8
10	83
10	84
13		6
13		16
13		17
13		19
13		21
13	29
16	18
18		28
18	32
18	33
18	34
18		73
18	74
18	100
19	93
22	63
28		29
28		30
28		31
28		32
28		33
28	64
28	69
31	6
31		64
31		69
31		72
31	89
35	18
35		20
35		37
38		6
38	13
38	14
38		15
38	19
38	20
38		24
38	26
38	36
38		39
38		40
38		41
38		42
38		43
38		44
38		46
38		48
38	51
38	52
38	53
38	54
38	55
38	56
38	57
38	61
38	87
38	88
38	95
40	13
40	14
40	19
40		26
40	46
40		51
40		52
40		53
40		54
40		55
40		56
40		57
40		61
40	67
40	87
40	88
40	95
42	25
44	95
45		10
45	36
45	46
45		56
45	63
45	67
45	88
45		90
45		91
45	95
46		4
46		21
46		62
49		50
50	6
52		13
52	16
52	17
52	19
52	21
52	26
52	27
52		36
52		40
52	46
52	51
52		53
52	54
52	55
52	56
52	57
52	61
52		63
52		67
52		69
52		70
52	82
52	87
52	88
52	95
56	14
56	18
56	19
56	53
56	54
56		76
56	77
56		78
56	79
56	82
56	95
64		6
64		10
64		23
64		65
65		70
70	19
71	19
71		89
73	28
73	33
73	34
73		45
73		74
75	66
75	91
76	1
76	13
76	14
76	19
76	21
76		52
76		77
76		78
76		79
76	95
77	19
78	20
78	46
78	63
78		82
78	95
82	20
82	30
82		46
82	63
82		95
85	6
85	13
85	14
85	15
85	18
85	19
85	20
85	24
85	26
85		38
85	39
85	40
85		42
85	43
85	44
85	46
85	47
85	48
85	51
85	52
85	53
85	54
85	55
85	56
85	57
85	64
85	67
85	87
85	95
86	54
86		71
87	11
89	25
91	35
92		47
92		87
92		88
92		93
93	9
93	80
94	19
94		85
97		2
97		22
97		58
97		98
100	29
100		36

tp90
fp140